Shapefile Type: Arc   # of Shapes: 37

File Bounds: (      -3.249,       5.093,0,0)
         to  (       1.058,      11.172,0,0)

Shape:0 (Arc)  nVertices=282, nParts=1
  Bounds:(      -3.249,       5.647, 0, 0)
      to (      -2.488,       8.780, 0, 0)
     (      -2.958,       5.647, 0, 0) Ring 
     (      -2.956,       5.665, 0, 0)  
     (      -2.953,       5.682, 0, 0)  
     (      -2.951,       5.699, 0, 0)  
     (      -2.949,       5.713, 0, 0)  
     (      -2.966,       5.712, 0, 0)  
     (      -2.983,       5.711, 0, 0)  
     (      -3.000,       5.709, 0, 0)  
     (      -3.014,       5.707, 0, 0)  
     (      -3.013,       5.724, 0, 0)  
     (      -3.012,       5.742, 0, 0)  
     (      -3.011,       5.759, 0, 0)  
     (      -3.010,       5.776, 0, 0)  
     (      -3.009,       5.793, 0, 0)  
     (      -3.009,       5.810, 0, 0)  
     (      -3.008,       5.827, 0, 0)  
     (      -3.007,       5.844, 0, 0)  
     (      -3.006,       5.858, 0, 0)  
     (      -3.014,       5.875, 0, 0)  
     (      -3.022,       5.892, 0, 0)  
     (      -3.031,       5.909, 0, 0)  
     (      -3.039,       5.926, 0, 0)  
     (      -3.047,       5.943, 0, 0)  
     (      -3.055,       5.961, 0, 0)  
     (      -3.063,       5.978, 0, 0)  
     (      -3.070,       5.992, 0, 0)  
     (      -3.073,       6.009, 0, 0)  
     (      -3.076,       6.026, 0, 0)  
     (      -3.078,       6.043, 0, 0)  
     (      -3.081,       6.061, 0, 0)  
     (      -3.084,       6.077, 0, 0)  
     (      -3.086,       6.095, 0, 0)  
     (      -3.089,       6.112, 0, 0)  
     (      -3.092,       6.129, 0, 0)  
     (      -3.095,       6.145, 0, 0)  
     (      -3.103,       6.162, 0, 0)  
     (      -3.112,       6.179, 0, 0)  
     (      -3.120,       6.197, 0, 0)  
     (      -3.128,       6.214, 0, 0)  
     (      -3.136,       6.231, 0, 0)  
     (      -3.145,       6.247, 0, 0)  
     (      -3.149,       6.249, 0, 0)  
     (      -3.156,       6.250, 0, 0)  
     (      -3.162,       6.249, 0, 0)  
     (      -3.166,       6.252, 0, 0)  
     (      -3.169,       6.256, 0, 0)  
     (      -3.169,       6.261, 0, 0)  
     (      -3.167,       6.267, 0, 0)  
     (      -3.167,       6.272, 0, 0)  
     (      -3.169,       6.277, 0, 0)  
     (      -3.170,       6.283, 0, 0)  
     (      -3.170,       6.289, 0, 0)  
     (      -3.169,       6.293, 0, 0)  
     (      -3.173,       6.310, 0, 0)  
     (      -3.177,       6.327, 0, 0)  
     (      -3.182,       6.344, 0, 0)  
     (      -3.186,       6.361, 0, 0)  
     (      -3.191,       6.378, 0, 0)  
     (      -3.194,       6.396, 0, 0)  
     (      -3.199,       6.413, 0, 0)  
     (      -3.203,       6.430, 0, 0)  
     (      -3.207,       6.447, 0, 0)  
     (      -3.212,       6.464, 0, 0)  
     (      -3.216,       6.481, 0, 0)  
     (      -3.221,       6.498, 0, 0)  
     (      -3.225,       6.516, 0, 0)  
     (      -3.229,       6.532, 0, 0)  
     (      -3.232,       6.543, 0, 0)  
     (      -3.231,       6.548, 0, 0)  
     (      -3.231,       6.553, 0, 0)  
     (      -3.231,       6.560, 0, 0)  
     (      -3.231,       6.566, 0, 0)  
     (      -3.230,       6.572, 0, 0)  
     (      -3.229,       6.578, 0, 0)  
     (      -3.228,       6.584, 0, 0)  
     (      -3.229,       6.590, 0, 0)  
     (      -3.231,       6.596, 0, 0)  
     (      -3.234,       6.600, 0, 0)  
     (      -3.236,       6.604, 0, 0)  
     (      -3.241,       6.606, 0, 0)  
     (      -3.245,       6.609, 0, 0)  
     (      -3.249,       6.611, 0, 0)  
     (      -3.249,       6.616, 0, 0)  
     (      -3.247,       6.621, 0, 0)  
     (      -3.245,       6.626, 0, 0)  
     (      -3.245,       6.632, 0, 0)  
     (      -3.245,       6.637, 0, 0)  
     (      -3.243,       6.642, 0, 0)  
     (      -3.240,       6.646, 0, 0)  
     (      -3.237,       6.649, 0, 0)  
     (      -3.235,       6.654, 0, 0)  
     (      -3.231,       6.658, 0, 0)  
     (      -3.226,       6.658, 0, 0)  
     (      -3.221,       6.656, 0, 0)  
     (      -3.217,       6.658, 0, 0)  
     (      -3.215,       6.662, 0, 0)  
     (      -3.213,       6.667, 0, 0)  
     (      -3.212,       6.673, 0, 0)  
     (      -3.211,       6.679, 0, 0)  
     (      -3.210,       6.685, 0, 0)  
     (      -3.209,       6.691, 0, 0)  
     (      -3.207,       6.695, 0, 0)  
     (      -3.203,       6.699, 0, 0)  
     (      -3.199,       6.701, 0, 0)  
     (      -3.195,       6.704, 0, 0)  
     (      -3.191,       6.707, 0, 0)  
     (      -3.187,       6.711, 0, 0)  
     (      -3.186,       6.716, 0, 0)  
     (      -3.189,       6.720, 0, 0)  
     (      -3.191,       6.724, 0, 0)  
     (      -3.195,       6.727, 0, 0)  
     (      -3.198,       6.730, 0, 0)  
     (      -3.201,       6.734, 0, 0)  
     (      -3.203,       6.739, 0, 0)  
     (      -3.205,       6.744, 0, 0)  
     (      -3.206,       6.749, 0, 0)  
     (      -3.209,       6.753, 0, 0)  
     (      -3.213,       6.757, 0, 0)  
     (      -3.217,       6.760, 0, 0)  
     (      -3.221,       6.762, 0, 0)  
     (      -3.226,       6.764, 0, 0)  
     (      -3.228,       6.769, 0, 0)  
     (      -3.228,       6.773, 0, 0)  
     (      -3.227,       6.778, 0, 0)  
     (      -3.225,       6.784, 0, 0)  
     (      -3.225,       6.790, 0, 0)  
     (      -3.223,       6.795, 0, 0)  
     (      -3.223,       6.801, 0, 0)  
     (      -3.223,       6.808, 0, 0)  
     (      -3.224,       6.814, 0, 0)  
     (      -3.224,       6.819, 0, 0)  
     (      -3.215,       6.836, 0, 0)  
     (      -3.205,       6.853, 0, 0)  
     (      -3.195,       6.870, 0, 0)  
     (      -3.185,       6.887, 0, 0)  
     (      -3.176,       6.904, 0, 0)  
     (      -3.166,       6.921, 0, 0)  
     (      -3.156,       6.938, 0, 0)  
     (      -3.024,       7.073, 0, 0)  
     (      -3.022,       7.090, 0, 0)  
     (      -3.020,       7.107, 0, 0)  
     (      -3.019,       7.124, 0, 0)  
     (      -3.017,       7.133, 0, 0)  
     (      -3.005,       7.150, 0, 0)  
     (      -2.993,       7.167, 0, 0)  
     (      -2.981,       7.184, 0, 0)  
     (      -2.968,       7.201, 0, 0)  
     (      -2.957,       7.218, 0, 0)  
     (      -2.949,       7.229, 0, 0)  
     (      -2.972,       7.279, 0, 0)  
     (      -2.970,       7.296, 0, 0)  
     (      -2.968,       7.314, 0, 0)  
     (      -2.967,       7.331, 0, 0)  
     (      -2.964,       7.348, 0, 0)  
     (      -2.963,       7.359, 0, 0)  
     (      -2.961,       7.363, 0, 0)  
     (      -2.959,       7.368, 0, 0)  
     (      -2.959,       7.374, 0, 0)  
     (      -2.958,       7.381, 0, 0)  
     (      -2.956,       7.386, 0, 0)  
     (      -2.955,       7.392, 0, 0)  
     (      -2.954,       7.397, 0, 0)  
     (      -2.952,       7.402, 0, 0)  
     (      -2.951,       7.408, 0, 0)  
     (      -2.949,       7.414, 0, 0)  
     (      -2.949,       7.420, 0, 0)  
     (      -2.948,       7.426, 0, 0)  
     (      -2.949,       7.432, 0, 0)  
     (      -2.948,       7.439, 0, 0)  
     (      -2.947,       7.444, 0, 0)  
     (      -2.946,       7.450, 0, 0)  
     (      -2.943,       7.454, 0, 0)  
     (      -2.942,       7.460, 0, 0)  
     (      -2.940,       7.465, 0, 0)  
     (      -2.938,       7.469, 0, 0)  
     (      -2.936,       7.474, 0, 0)  
     (      -2.934,       7.479, 0, 0)  
     (      -2.933,       7.496, 0, 0)  
     (      -2.931,       7.513, 0, 0)  
     (      -2.930,       7.531, 0, 0)  
     (      -2.928,       7.548, 0, 0)  
     (      -2.926,       7.565, 0, 0)  
     (      -2.925,       7.582, 0, 0)  
     (      -2.924,       7.596, 0, 0)  
     (      -2.916,       7.612, 0, 0)  
     (      -2.908,       7.630, 0, 0)  
     (      -2.900,       7.647, 0, 0)  
     (      -2.892,       7.664, 0, 0)  
     (      -2.884,       7.681, 0, 0)  
     (      -2.876,       7.698, 0, 0)  
     (      -2.868,       7.715, 0, 0)  
     (      -2.859,       7.732, 0, 0)  
     (      -2.854,       7.742, 0, 0)  
     (      -2.840,       7.757, 0, 0)  
     (      -2.840,       7.775, 0, 0)  
     (      -2.822,       7.800, 0, 0)  
     (      -2.824,       7.824, 0, 0)  
     (      -2.807,       7.837, 0, 0)  
     (      -2.789,       7.850, 0, 0)  
     (      -2.785,       7.854, 0, 0)  
     (      -2.783,       7.871, 0, 0)  
     (      -2.781,       7.888, 0, 0)  
     (      -2.779,       7.905, 0, 0)  
     (      -2.777,       7.922, 0, 0)  
     (      -2.776,       7.939, 0, 0)  
     (      -2.774,       7.947, 0, 0)  
     (      -2.704,       7.984, 0, 0)  
     (      -2.701,       7.989, 0, 0)  
     (      -2.698,       7.992, 0, 0)  
     (      -2.694,       7.995, 0, 0)  
     (      -2.691,       7.999, 0, 0)  
     (      -2.688,       8.003, 0, 0)  
     (      -2.685,       8.007, 0, 0)  
     (      -2.684,       8.012, 0, 0)  
     (      -2.679,       8.015, 0, 0)  
     (      -2.675,       8.017, 0, 0)  
     (      -2.670,       8.019, 0, 0)  
     (      -2.665,       8.021, 0, 0)  
     (      -2.660,       8.023, 0, 0)  
     (      -2.654,       8.024, 0, 0)  
     (      -2.649,       8.026, 0, 0)  
     (      -2.644,       8.027, 0, 0)  
     (      -2.639,       8.029, 0, 0)  
     (      -2.633,       8.031, 0, 0)  
     (      -2.627,       8.031, 0, 0)  
     (      -2.621,       8.032, 0, 0)  
     (      -2.615,       8.033, 0, 0)  
     (      -2.609,       8.034, 0, 0)  
     (      -2.603,       8.034, 0, 0)  
     (      -2.597,       8.036, 0, 0)  
     (      -2.593,       8.038, 0, 0)  
     (      -2.589,       8.041, 0, 0)  
     (      -2.586,       8.045, 0, 0)  
     (      -2.584,       8.050, 0, 0)  
     (      -2.582,       8.055, 0, 0)  
     (      -2.582,       8.061, 0, 0)  
     (      -2.582,       8.066, 0, 0)  
     (      -2.583,       8.072, 0, 0)  
     (      -2.584,       8.077, 0, 0)  
     (      -2.586,       8.082, 0, 0)  
     (      -2.587,       8.088, 0, 0)  
     (      -2.588,       8.093, 0, 0)  
     (      -2.590,       8.098, 0, 0)  
     (      -2.592,       8.103, 0, 0)  
     (      -2.594,       8.108, 0, 0)  
     (      -2.596,       8.113, 0, 0)  
     (      -2.598,       8.117, 0, 0)  
     (      -2.600,       8.122, 0, 0)  
     (      -2.603,       8.126, 0, 0)  
     (      -2.606,       8.130, 0, 0)  
     (      -2.608,       8.134, 0, 0)  
     (      -2.611,       8.138, 0, 0)  
     (      -2.601,       8.155, 0, 0)  
     (      -2.591,       8.172, 0, 0)  
     (      -2.560,       8.164, 0, 0)  
     (      -2.543,       8.172, 0, 0)  
     (      -2.525,       8.180, 0, 0)  
     (      -2.508,       8.188, 0, 0)  
     (      -2.491,       8.196, 0, 0)  
     (      -2.488,       8.198, 0, 0)  
     (      -2.491,       8.215, 0, 0)  
     (      -2.493,       8.232, 0, 0)  
     (      -2.496,       8.249, 0, 0)  
     (      -2.499,       8.266, 0, 0)  
     (      -2.535,       8.490, 0, 0)  
     (      -2.537,       8.507, 0, 0)  
     (      -2.541,       8.524, 0, 0)  
     (      -2.543,       8.541, 0, 0)  
     (      -2.546,       8.559, 0, 0)  
     (      -2.549,       8.576, 0, 0)  
     (      -2.552,       8.593, 0, 0)  
     (      -2.554,       8.610, 0, 0)  
     (      -2.557,       8.627, 0, 0)  
     (      -2.559,       8.645, 0, 0)  
     (      -2.563,       8.662, 0, 0)  
     (      -2.566,       8.679, 0, 0)  
     (      -2.568,       8.696, 0, 0)  
     (      -2.571,       8.713, 0, 0)  
     (      -2.574,       8.731, 0, 0)  
     (      -2.577,       8.748, 0, 0)  
     (      -2.579,       8.765, 0, 0)  
     (      -2.581,       8.780, 0, 0)  

Shape:1 (Arc)  nVertices=4, nParts=1
  Bounds:(      -3.104,       5.093, 0, 0)
      to (      -2.928,       5.106, 0, 0)
     (      -3.104,       5.093, 0, 0) Ring 
     (      -3.103,       5.099, 0, 0)  
     (      -3.103,       5.106, 0, 0)  
     (      -2.928,       5.100, 0, 0)  

Shape:2 (Arc)  nVertices=8, nParts=1
  Bounds:(      -2.942,       5.589, 0, 0)
      to (      -2.762,       5.623, 0, 0)
     (      -2.942,       5.623, 0, 0) Ring 
     (      -2.785,       5.622, 0, 0)  
     (      -2.784,       5.615, 0, 0)  
     (      -2.781,       5.613, 0, 0)  
     (      -2.776,       5.613, 0, 0)  
     (      -2.773,       5.610, 0, 0)  
     (      -2.772,       5.604, 0, 0)  
     (      -2.762,       5.589, 0, 0)  

Shape:3 (Arc)  nVertices=98, nParts=1
  Bounds:(      -2.942,      10.422, 0, 0)
      to (      -2.774,      10.667, 0, 0)
     (      -2.914,      10.667, 0, 0) Ring 
     (      -2.916,      10.664, 0, 0)  
     (      -2.918,      10.662, 0, 0)  
     (      -2.920,      10.660, 0, 0)  
     (      -2.922,      10.659, 0, 0)  
     (      -2.926,      10.656, 0, 0)  
     (      -2.934,      10.648, 0, 0)  
     (      -2.936,      10.645, 0, 0)  
     (      -2.939,      10.641, 0, 0)  
     (      -2.941,      10.637, 0, 0)  
     (      -2.941,      10.634, 0, 0)  
     (      -2.942,      10.630, 0, 0)  
     (      -2.940,      10.625, 0, 0)  
     (      -2.940,      10.622, 0, 0)  
     (      -2.940,      10.619, 0, 0)  
     (      -2.941,      10.617, 0, 0)  
     (      -2.941,      10.614, 0, 0)  
     (      -2.940,      10.611, 0, 0)  
     (      -2.938,      10.610, 0, 0)  
     (      -2.936,      10.610, 0, 0)  
     (      -2.935,      10.608, 0, 0)  
     (      -2.933,      10.603, 0, 0)  
     (      -2.933,      10.602, 0, 0)  
     (      -2.930,      10.600, 0, 0)  
     (      -2.928,      10.599, 0, 0)  
     (      -2.926,      10.597, 0, 0)  
     (      -2.924,      10.594, 0, 0)  
     (      -2.923,      10.591, 0, 0)  
     (      -2.923,      10.588, 0, 0)  
     (      -2.922,      10.586, 0, 0)  
     (      -2.920,      10.583, 0, 0)  
     (      -2.919,      10.582, 0, 0)  
     (      -2.916,      10.577, 0, 0)  
     (      -2.914,      10.572, 0, 0)  
     (      -2.913,      10.570, 0, 0)  
     (      -2.912,      10.565, 0, 0)  
     (      -2.911,      10.563, 0, 0)  
     (      -2.908,      10.559, 0, 0)  
     (      -2.905,      10.555, 0, 0)  
     (      -2.903,      10.552, 0, 0)  
     (      -2.900,      10.545, 0, 0)  
     (      -2.899,      10.541, 0, 0)  
     (      -2.899,      10.537, 0, 0)  
     (      -2.899,      10.533, 0, 0)  
     (      -2.901,      10.531, 0, 0)  
     (      -2.900,      10.525, 0, 0)  
     (      -2.899,      10.522, 0, 0)  
     (      -2.897,      10.517, 0, 0)  
     (      -2.896,      10.514, 0, 0)  
     (      -2.895,      10.513, 0, 0)  
     (      -2.892,      10.511, 0, 0)  
     (      -2.890,      10.509, 0, 0)  
     (      -2.889,      10.506, 0, 0)  
     (      -2.888,      10.504, 0, 0)  
     (      -2.884,      10.503, 0, 0)  
     (      -2.881,      10.500, 0, 0)  
     (      -2.880,      10.499, 0, 0)  
     (      -2.879,      10.497, 0, 0)  
     (      -2.877,      10.494, 0, 0)  
     (      -2.875,      10.491, 0, 0)  
     (      -2.874,      10.488, 0, 0)  
     (      -2.874,      10.487, 0, 0)  
     (      -2.872,      10.482, 0, 0)  
     (      -2.871,      10.480, 0, 0)  
     (      -2.872,      10.475, 0, 0)  
     (      -2.873,      10.470, 0, 0)  
     (      -2.873,      10.467, 0, 0)  
     (      -2.872,      10.465, 0, 0)  
     (      -2.870,      10.462, 0, 0)  
     (      -2.868,      10.458, 0, 0)  
     (      -2.867,      10.455, 0, 0)  
     (      -2.866,      10.454, 0, 0)  
     (      -2.863,      10.452, 0, 0)  
     (      -2.858,      10.449, 0, 0)  
     (      -2.855,      10.448, 0, 0)  
     (      -2.850,      10.447, 0, 0)  
     (      -2.846,      10.444, 0, 0)  
     (      -2.844,      10.443, 0, 0)  
     (      -2.843,      10.443, 0, 0)  
     (      -2.841,      10.442, 0, 0)  
     (      -2.839,      10.441, 0, 0)  
     (      -2.838,      10.440, 0, 0)  
     (      -2.836,      10.438, 0, 0)  
     (      -2.835,      10.437, 0, 0)  
     (      -2.830,      10.436, 0, 0)  
     (      -2.825,      10.434, 0, 0)  
     (      -2.822,      10.434, 0, 0)  
     (      -2.816,      10.433, 0, 0)  
     (      -2.812,      10.432, 0, 0)  
     (      -2.805,      10.430, 0, 0)  
     (      -2.799,      10.429, 0, 0)  
     (      -2.795,      10.428, 0, 0)  
     (      -2.792,      10.426, 0, 0)  
     (      -2.779,      10.426, 0, 0)  
     (      -2.777,      10.425, 0, 0)  
     (      -2.775,      10.425, 0, 0)  
     (      -2.774,      10.423, 0, 0)  
     (      -2.774,      10.422, 0, 0)  

Shape:4 (Arc)  nVertices=95, nParts=1
  Bounds:(      -2.941,      10.667, 0, 0)
      to (      -2.817,      11.002, 0, 0)
     (      -2.834,      11.002, 0, 0) Ring 
     (      -2.835,      10.990, 0, 0)  
     (      -2.837,      10.981, 0, 0)  
     (      -2.839,      10.976, 0, 0)  
     (      -2.839,      10.975, 0, 0)  
     (      -2.840,      10.973, 0, 0)  
     (      -2.841,      10.969, 0, 0)  
     (      -2.840,      10.966, 0, 0)  
     (      -2.839,      10.962, 0, 0)  
     (      -2.837,      10.959, 0, 0)  
     (      -2.833,      10.956, 0, 0)  
     (      -2.828,      10.954, 0, 0)  
     (      -2.825,      10.949, 0, 0)  
     (      -2.822,      10.947, 0, 0)  
     (      -2.821,      10.943, 0, 0)  
     (      -2.819,      10.940, 0, 0)  
     (      -2.818,      10.938, 0, 0)  
     (      -2.818,      10.934, 0, 0)  
     (      -2.817,      10.931, 0, 0)  
     (      -2.817,      10.926, 0, 0)  
     (      -2.818,      10.922, 0, 0)  
     (      -2.821,      10.918, 0, 0)  
     (      -2.823,      10.916, 0, 0)  
     (      -2.825,      10.913, 0, 0)  
     (      -2.866,      10.880, 0, 0)  
     (      -2.867,      10.877, 0, 0)  
     (      -2.867,      10.873, 0, 0)  
     (      -2.865,      10.870, 0, 0)  
     (      -2.864,      10.867, 0, 0)  
     (      -2.864,      10.865, 0, 0)  
     (      -2.864,      10.859, 0, 0)  
     (      -2.865,      10.853, 0, 0)  
     (      -2.868,      10.847, 0, 0)  
     (      -2.872,      10.844, 0, 0)  
     (      -2.874,      10.840, 0, 0)  
     (      -2.877,      10.836, 0, 0)  
     (      -2.879,      10.832, 0, 0)  
     (      -2.880,      10.828, 0, 0)  
     (      -2.880,      10.824, 0, 0)  
     (      -2.881,      10.820, 0, 0)  
     (      -2.880,      10.815, 0, 0)  
     (      -2.880,      10.811, 0, 0)  
     (      -2.880,      10.807, 0, 0)  
     (      -2.881,      10.804, 0, 0)  
     (      -2.882,      10.801, 0, 0)  
     (      -2.883,      10.800, 0, 0)  
     (      -2.884,      10.798, 0, 0)  
     (      -2.885,      10.796, 0, 0)  
     (      -2.889,      10.788, 0, 0)  
     (      -2.891,      10.783, 0, 0)  
     (      -2.892,      10.776, 0, 0)  
     (      -2.893,      10.775, 0, 0)  
     (      -2.895,      10.771, 0, 0)  
     (      -2.894,      10.769, 0, 0)  
     (      -2.894,      10.768, 0, 0)  
     (      -2.895,      10.765, 0, 0)  
     (      -2.896,      10.764, 0, 0)  
     (      -2.898,      10.763, 0, 0)  
     (      -2.899,      10.760, 0, 0)  
     (      -2.899,      10.758, 0, 0)  
     (      -2.904,      10.753, 0, 0)  
     (      -2.906,      10.750, 0, 0)  
     (      -2.910,      10.746, 0, 0)  
     (      -2.913,      10.743, 0, 0)  
     (      -2.914,      10.741, 0, 0)  
     (      -2.916,      10.740, 0, 0)  
     (      -2.920,      10.735, 0, 0)  
     (      -2.925,      10.732, 0, 0)  
     (      -2.933,      10.726, 0, 0)  
     (      -2.938,      10.722, 0, 0)  
     (      -2.938,      10.720, 0, 0)  
     (      -2.939,      10.717, 0, 0)  
     (      -2.940,      10.714, 0, 0)  
     (      -2.940,      10.712, 0, 0)  
     (      -2.941,      10.710, 0, 0)  
     (      -2.940,      10.709, 0, 0)  
     (      -2.938,      10.707, 0, 0)  
     (      -2.936,      10.707, 0, 0)  
     (      -2.932,      10.704, 0, 0)  
     (      -2.930,      10.704, 0, 0)  
     (      -2.923,      10.704, 0, 0)  
     (      -2.918,      10.702, 0, 0)  
     (      -2.912,      10.700, 0, 0)  
     (      -2.910,      10.699, 0, 0)  
     (      -2.909,      10.695, 0, 0)  
     (      -2.907,      10.692, 0, 0)  
     (      -2.906,      10.689, 0, 0)  
     (      -2.906,      10.686, 0, 0)  
     (      -2.907,      10.683, 0, 0)  
     (      -2.910,      10.679, 0, 0)  
     (      -2.911,      10.678, 0, 0)  
     (      -2.912,      10.676, 0, 0)  
     (      -2.911,      10.672, 0, 0)  
     (      -2.912,      10.669, 0, 0)  
     (      -2.914,      10.667, 0, 0)  

Shape:5 (Arc)  nVertices=74, nParts=1
  Bounds:(      -2.928,       5.099, 0, 0)
      to (      -2.717,       5.347, 0, 0)
     (      -2.717,       5.347, 0, 0) Ring 
     (      -2.723,       5.345, 0, 0)  
     (      -2.772,       5.344, 0, 0)  
     (      -2.770,       5.340, 0, 0)  
     (      -2.773,       5.336, 0, 0)  
     (      -2.774,       5.324, 0, 0)  
     (      -2.772,       5.318, 0, 0)  
     (      -2.770,       5.314, 0, 0)  
     (      -2.770,       5.308, 0, 0)  
     (      -2.770,       5.301, 0, 0)  
     (      -2.772,       5.296, 0, 0)  
     (      -2.779,       5.289, 0, 0)  
     (      -2.782,       5.286, 0, 0)  
     (      -2.784,       5.280, 0, 0)  
     (      -2.781,       5.276, 0, 0)  
     (      -2.775,       5.275, 0, 0)  
     (      -2.772,       5.271, 0, 0)  
     (      -2.776,       5.261, 0, 0)  
     (      -2.774,       5.256, 0, 0)  
     (      -2.769,       5.256, 0, 0)  
     (      -2.763,       5.255, 0, 0)  
     (      -2.763,       5.234, 0, 0)  
     (      -2.760,       5.230, 0, 0)  
     (      -2.758,       5.220, 0, 0)  
     (      -2.757,       5.199, 0, 0)  
     (      -2.753,       5.202, 0, 0)  
     (      -2.749,       5.201, 0, 0)  
     (      -2.749,       5.194, 0, 0)  
     (      -2.745,       5.191, 0, 0)  
     (      -2.741,       5.189, 0, 0)  
     (      -2.741,       5.183, 0, 0)  
     (      -2.743,       5.179, 0, 0)  
     (      -2.741,       5.169, 0, 0)  
     (      -2.737,       5.166, 0, 0)  
     (      -2.737,       5.160, 0, 0)  
     (      -2.737,       5.154, 0, 0)  
     (      -2.733,       5.151, 0, 0)  
     (      -2.729,       5.147, 0, 0)  
     (      -2.729,       5.141, 0, 0)  
     (      -2.733,       5.132, 0, 0)  
     (      -2.736,       5.128, 0, 0)  
     (      -2.738,       5.123, 0, 0)  
     (      -2.736,       5.118, 0, 0)  
     (      -2.734,       5.113, 0, 0)  
     (      -2.739,       5.111, 0, 0)  
     (      -2.745,       5.112, 0, 0)  
     (      -2.749,       5.110, 0, 0)  
     (      -2.751,       5.105, 0, 0)  
     (      -2.754,       5.101, 0, 0)  
     (      -2.759,       5.101, 0, 0)  
     (      -2.771,       5.104, 0, 0)  
     (      -2.774,       5.106, 0, 0)  
     (      -2.777,       5.110, 0, 0)  
     (      -2.780,       5.105, 0, 0)  
     (      -2.784,       5.103, 0, 0)  
     (      -2.789,       5.104, 0, 0)  
     (      -2.796,       5.104, 0, 0)  
     (      -2.800,       5.101, 0, 0)  
     (      -2.803,       5.105, 0, 0)  
     (      -2.807,       5.107, 0, 0)  
     (      -2.812,       5.105, 0, 0)  
     (      -2.834,       5.111, 0, 0)  
     (      -2.882,       5.117, 0, 0)  
     (      -2.884,       5.112, 0, 0)  
     (      -2.888,       5.109, 0, 0)  
     (      -2.893,       5.106, 0, 0)  
     (      -2.896,       5.103, 0, 0)  
     (      -2.902,       5.104, 0, 0)  
     (      -2.906,       5.107, 0, 0)  
     (      -2.911,       5.106, 0, 0)  
     (      -2.914,       5.102, 0, 0)  
     (      -2.919,       5.099, 0, 0)  
     (      -2.925,       5.100, 0, 0)  
     (      -2.928,       5.100, 0, 0)  

Shape:6 (Arc)  nVertices=84, nParts=1
  Bounds:(      -2.850,      10.018, 0, 0)
      to (      -2.756,      10.422, 0, 0)
     (      -2.774,      10.422, 0, 0) Ring 
     (      -2.774,      10.421, 0, 0)  
     (      -2.775,      10.420, 0, 0)  
     (      -2.775,      10.418, 0, 0)  
     (      -2.776,      10.416, 0, 0)  
     (      -2.776,      10.414, 0, 0)  
     (      -2.776,      10.412, 0, 0)  
     (      -2.778,      10.410, 0, 0)  
     (      -2.781,      10.408, 0, 0)  
     (      -2.784,      10.407, 0, 0)  
     (      -2.829,      10.391, 0, 0)  
     (      -2.832,      10.388, 0, 0)  
     (      -2.833,      10.386, 0, 0)  
     (      -2.834,      10.384, 0, 0)  
     (      -2.836,      10.381, 0, 0)  
     (      -2.836,      10.379, 0, 0)  
     (      -2.836,      10.377, 0, 0)  
     (      -2.837,      10.374, 0, 0)  
     (      -2.839,      10.371, 0, 0)  
     (      -2.843,      10.356, 0, 0)  
     (      -2.843,      10.351, 0, 0)  
     (      -2.842,      10.346, 0, 0)  
     (      -2.842,      10.344, 0, 0)  
     (      -2.845,      10.338, 0, 0)  
     (      -2.846,      10.334, 0, 0)  
     (      -2.848,      10.330, 0, 0)  
     (      -2.849,      10.325, 0, 0)  
     (      -2.850,      10.321, 0, 0)  
     (      -2.850,      10.317, 0, 0)  
     (      -2.848,      10.314, 0, 0)  
     (      -2.846,      10.312, 0, 0)  
     (      -2.844,      10.310, 0, 0)  
     (      -2.842,      10.304, 0, 0)  
     (      -2.840,      10.301, 0, 0)  
     (      -2.836,      10.298, 0, 0)  
     (      -2.834,      10.296, 0, 0)  
     (      -2.830,      10.294, 0, 0)  
     (      -2.826,      10.292, 0, 0)  
     (      -2.797,      10.276, 0, 0)  
     (      -2.790,      10.273, 0, 0)  
     (      -2.781,      10.272, 0, 0)  
     (      -2.766,      10.266, 0, 0)  
     (      -2.763,      10.263, 0, 0)  
     (      -2.760,      10.259, 0, 0)  
     (      -2.758,      10.255, 0, 0)  
     (      -2.756,      10.248, 0, 0)  
     (      -2.756,      10.241, 0, 0)  
     (      -2.758,      10.232, 0, 0)  
     (      -2.761,      10.227, 0, 0)  
     (      -2.766,      10.221, 0, 0)  
     (      -2.797,      10.184, 0, 0)  
     (      -2.796,      10.182, 0, 0)  
     (      -2.794,      10.175, 0, 0)  
     (      -2.794,      10.170, 0, 0)  
     (      -2.792,      10.167, 0, 0)  
     (      -2.790,      10.163, 0, 0)  
     (      -2.790,      10.158, 0, 0)  
     (      -2.788,      10.150, 0, 0)  
     (      -2.788,      10.146, 0, 0)  
     (      -2.787,      10.142, 0, 0)  
     (      -2.787,      10.138, 0, 0)  
     (      -2.790,      10.133, 0, 0)  
     (      -2.793,      10.118, 0, 0)  
     (      -2.791,      10.113, 0, 0)  
     (      -2.791,      10.107, 0, 0)  
     (      -2.790,      10.101, 0, 0)  
     (      -2.788,      10.097, 0, 0)  
     (      -2.788,      10.092, 0, 0)  
     (      -2.789,      10.084, 0, 0)  
     (      -2.790,      10.080, 0, 0)  
     (      -2.790,      10.076, 0, 0)  
     (      -2.790,      10.069, 0, 0)  
     (      -2.789,      10.067, 0, 0)  
     (      -2.788,      10.060, 0, 0)  
     (      -2.786,      10.054, 0, 0)  
     (      -2.782,      10.046, 0, 0)  
     (      -2.782,      10.043, 0, 0)  
     (      -2.782,      10.039, 0, 0)  
     (      -2.782,      10.035, 0, 0)  
     (      -2.782,      10.027, 0, 0)  
     (      -2.780,      10.025, 0, 0)  
     (      -2.778,      10.022, 0, 0)  
     (      -2.776,      10.020, 0, 0)  
     (      -2.776,      10.018, 0, 0)  

Shape:7 (Arc)  nVertices=3, nParts=1
  Bounds:(      -2.812,      10.998, 0, 0)
      to (      -2.753,      11.004, 0, 0)
     (      -2.753,      10.999, 0, 0) Ring 
     (      -2.762,      10.998, 0, 0)  
     (      -2.812,      11.004, 0, 0)  

Shape:8 (Arc)  nVertices=128, nParts=1
  Bounds:(      -2.790,       9.482, 0, 0)
      to (      -2.684,      10.018, 0, 0)
     (      -2.776,      10.018, 0, 0) Ring 
     (      -2.775,      10.012, 0, 0)  
     (      -2.774,      10.010, 0, 0)  
     (      -2.767,      10.000, 0, 0)  
     (      -2.764,       9.995, 0, 0)  
     (      -2.760,       9.991, 0, 0)  
     (      -2.755,       9.987, 0, 0)  
     (      -2.750,       9.983, 0, 0)  
     (      -2.749,       9.980, 0, 0)  
     (      -2.746,       9.969, 0, 0)  
     (      -2.743,       9.961, 0, 0)  
     (      -2.742,       9.958, 0, 0)  
     (      -2.744,       9.947, 0, 0)  
     (      -2.746,       9.945, 0, 0)  
     (      -2.751,       9.942, 0, 0)  
     (      -2.753,       9.938, 0, 0)  
     (      -2.758,       9.930, 0, 0)  
     (      -2.759,       9.926, 0, 0)  
     (      -2.761,       9.920, 0, 0)  
     (      -2.763,       9.913, 0, 0)  
     (      -2.763,       9.911, 0, 0)  
     (      -2.763,       9.909, 0, 0)  
     (      -2.763,       9.905, 0, 0)  
     (      -2.761,       9.900, 0, 0)  
     (      -2.761,       9.898, 0, 0)  
     (      -2.762,       9.894, 0, 0)  
     (      -2.762,       9.889, 0, 0)  
     (      -2.761,       9.884, 0, 0)  
     (      -2.758,       9.877, 0, 0)  
     (      -2.749,       9.857, 0, 0)  
     (      -2.744,       9.852, 0, 0)  
     (      -2.740,       9.848, 0, 0)  
     (      -2.737,       9.845, 0, 0)  
     (      -2.731,       9.838, 0, 0)  
     (      -2.728,       9.834, 0, 0)  
     (      -2.727,       9.830, 0, 0)  
     (      -2.727,       9.826, 0, 0)  
     (      -2.729,       9.819, 0, 0)  
     (      -2.733,       9.815, 0, 0)  
     (      -2.736,       9.814, 0, 0)  
     (      -2.740,       9.813, 0, 0)  
     (      -2.741,       9.812, 0, 0)  
     (      -2.745,       9.810, 0, 0)  
     (      -2.748,       9.808, 0, 0)  
     (      -2.750,       9.808, 0, 0)  
     (      -2.753,       9.806, 0, 0)  
     (      -2.755,       9.803, 0, 0)  
     (      -2.759,       9.800, 0, 0)  
     (      -2.759,       9.798, 0, 0)  
     (      -2.760,       9.794, 0, 0)  
     (      -2.761,       9.791, 0, 0)  
     (      -2.763,       9.789, 0, 0)  
     (      -2.765,       9.787, 0, 0)  
     (      -2.766,       9.785, 0, 0)  
     (      -2.767,       9.780, 0, 0)  
     (      -2.769,       9.775, 0, 0)  
     (      -2.770,       9.773, 0, 0)  
     (      -2.774,       9.769, 0, 0)  
     (      -2.776,       9.766, 0, 0)  
     (      -2.776,       9.762, 0, 0)  
     (      -2.778,       9.758, 0, 0)  
     (      -2.780,       9.755, 0, 0)  
     (      -2.786,       9.751, 0, 0)  
     (      -2.790,       9.748, 0, 0)  
     (      -2.790,       9.746, 0, 0)  
     (      -2.790,       9.743, 0, 0)  
     (      -2.789,       9.738, 0, 0)  
     (      -2.786,       9.731, 0, 0)  
     (      -2.783,       9.727, 0, 0)  
     (      -2.783,       9.725, 0, 0)  
     (      -2.784,       9.721, 0, 0)  
     (      -2.786,       9.712, 0, 0)  
     (      -2.787,       9.698, 0, 0)  
     (      -2.786,       9.694, 0, 0)  
     (      -2.784,       9.691, 0, 0)  
     (      -2.782,       9.689, 0, 0)  
     (      -2.781,       9.689, 0, 0)  
     (      -2.779,       9.688, 0, 0)  
     (      -2.774,       9.686, 0, 0)  
     (      -2.768,       9.684, 0, 0)  
     (      -2.765,       9.683, 0, 0)  
     (      -2.762,       9.683, 0, 0)  
     (      -2.759,       9.682, 0, 0)  
     (      -2.757,       9.680, 0, 0)  
     (      -2.756,       9.677, 0, 0)  
     (      -2.757,       9.673, 0, 0)  
     (      -2.756,       9.670, 0, 0)  
     (      -2.754,       9.652, 0, 0)  
     (      -2.752,       9.649, 0, 0)  
     (      -2.748,       9.646, 0, 0)  
     (      -2.746,       9.642, 0, 0)  
     (      -2.746,       9.638, 0, 0)  
     (      -2.747,       9.634, 0, 0)  
     (      -2.750,       9.631, 0, 0)  
     (      -2.753,       9.628, 0, 0)  
     (      -2.754,       9.624, 0, 0)  
     (      -2.757,       9.622, 0, 0)  
     (      -2.762,       9.617, 0, 0)  
     (      -2.763,       9.615, 0, 0)  
     (      -2.762,       9.611, 0, 0)  
     (      -2.763,       9.608, 0, 0)  
     (      -2.765,       9.608, 0, 0)  
     (      -2.770,       9.602, 0, 0)  
     (      -2.771,       9.600, 0, 0)  
     (      -2.772,       9.597, 0, 0)  
     (      -2.771,       9.592, 0, 0)  
     (      -2.771,       9.584, 0, 0)  
     (      -2.771,       9.581, 0, 0)  
     (      -2.771,       9.575, 0, 0)  
     (      -2.768,       9.569, 0, 0)  
     (      -2.763,       9.562, 0, 0)  
     (      -2.762,       9.557, 0, 0)  
     (      -2.760,       9.554, 0, 0)  
     (      -2.754,       9.549, 0, 0)  
     (      -2.748,       9.547, 0, 0)  
     (      -2.745,       9.545, 0, 0)  
     (      -2.718,       9.526, 0, 0)  
     (      -2.714,       9.524, 0, 0)  
     (      -2.711,       9.521, 0, 0)  
     (      -2.701,       9.511, 0, 0)  
     (      -2.697,       9.507, 0, 0)  
     (      -2.693,       9.503, 0, 0)  
     (      -2.689,       9.496, 0, 0)  
     (      -2.688,       9.492, 0, 0)  
     (      -2.685,       9.488, 0, 0)  
     (      -2.684,       9.486, 0, 0)  
     (      -2.684,       9.484, 0, 0)  
     (      -2.685,       9.482, 0, 0)  

Shape:9 (Arc)  nVertices=100, nParts=1
  Bounds:(      -2.780,       8.780, 0, 0)
      to (      -2.581,       9.135, 0, 0)
     (      -2.581,       8.780, 0, 0) Ring 
     (      -2.582,       8.785, 0, 0)  
     (      -2.585,       8.787, 0, 0)  
     (      -2.588,       8.788, 0, 0)  
     (      -2.598,       8.788, 0, 0)  
     (      -2.603,       8.788, 0, 0)  
     (      -2.606,       8.786, 0, 0)  
     (      -2.609,       8.783, 0, 0)  
     (      -2.611,       8.782, 0, 0)  
     (      -2.614,       8.782, 0, 0)  
     (      -2.616,       8.783, 0, 0)  
     (      -2.622,       8.789, 0, 0)  
     (      -2.626,       8.791, 0, 0)  
     (      -2.599,       8.822, 0, 0)  
     (      -2.598,       8.824, 0, 0)  
     (      -2.597,       8.828, 0, 0)  
     (      -2.598,       8.833, 0, 0)  
     (      -2.600,       8.838, 0, 0)  
     (      -2.605,       8.844, 0, 0)  
     (      -2.608,       8.848, 0, 0)  
     (      -2.611,       8.855, 0, 0)  
     (      -2.615,       8.863, 0, 0)  
     (      -2.618,       8.868, 0, 0)  
     (      -2.619,       8.870, 0, 0)  
     (      -2.621,       8.872, 0, 0)  
     (      -2.622,       8.875, 0, 0)  
     (      -2.623,       8.878, 0, 0)  
     (      -2.623,       8.882, 0, 0)  
     (      -2.622,       8.886, 0, 0)  
     (      -2.622,       8.887, 0, 0)  
     (      -2.622,       8.892, 0, 0)  
     (      -2.621,       8.897, 0, 0)  
     (      -2.617,       8.907, 0, 0)  
     (      -2.617,       8.912, 0, 0)  
     (      -2.617,       8.915, 0, 0)  
     (      -2.618,       8.916, 0, 0)  
     (      -2.618,       8.922, 0, 0)  
     (      -2.620,       8.924, 0, 0)  
     (      -2.625,       8.926, 0, 0)  
     (      -2.634,       8.931, 0, 0)  
     (      -2.639,       8.933, 0, 0)  
     (      -2.643,       8.935, 0, 0)  
     (      -2.648,       8.938, 0, 0)  
     (      -2.650,       8.942, 0, 0)  
     (      -2.651,       8.943, 0, 0)  
     (      -2.652,       8.945, 0, 0)  
     (      -2.652,       8.951, 0, 0)  
     (      -2.653,       8.954, 0, 0)  
     (      -2.654,       8.958, 0, 0)  
     (      -2.655,       8.966, 0, 0)  
     (      -2.656,       8.978, 0, 0)  
     (      -2.658,       8.984, 0, 0)  
     (      -2.658,       8.989, 0, 0)  
     (      -2.657,       8.991, 0, 0)  
     (      -2.656,       8.995, 0, 0)  
     (      -2.654,       9.003, 0, 0)  
     (      -2.654,       9.008, 0, 0)  
     (      -2.659,       9.013, 0, 0)  
     (      -2.664,       9.019, 0, 0)  
     (      -2.669,       9.020, 0, 0)  
     (      -2.670,       9.022, 0, 0)  
     (      -2.670,       9.023, 0, 0)  
     (      -2.676,       9.025, 0, 0)  
     (      -2.684,       9.024, 0, 0)  
     (      -2.691,       9.024, 0, 0)  
     (      -2.700,       9.027, 0, 0)  
     (      -2.708,       9.027, 0, 0)  
     (      -2.714,       9.030, 0, 0)  
     (      -2.722,       9.033, 0, 0)  
     (      -2.726,       9.032, 0, 0)  
     (      -2.729,       9.030, 0, 0)  
     (      -2.732,       9.030, 0, 0)  
     (      -2.741,       9.032, 0, 0)  
     (      -2.748,       9.032, 0, 0)  
     (      -2.753,       9.035, 0, 0)  
     (      -2.757,       9.037, 0, 0)  
     (      -2.759,       9.037, 0, 0)  
     (      -2.762,       9.038, 0, 0)  
     (      -2.764,       9.040, 0, 0)  
     (      -2.766,       9.046, 0, 0)  
     (      -2.769,       9.047, 0, 0)  
     (      -2.771,       9.047, 0, 0)  
     (      -2.773,       9.047, 0, 0)  
     (      -2.778,       9.058, 0, 0)  
     (      -2.780,       9.061, 0, 0)  
     (      -2.773,       9.072, 0, 0)  
     (      -2.769,       9.076, 0, 0)  
     (      -2.764,       9.083, 0, 0)  
     (      -2.762,       9.087, 0, 0)  
     (      -2.761,       9.091, 0, 0)  
     (      -2.761,       9.095, 0, 0)  
     (      -2.761,       9.099, 0, 0)  
     (      -2.764,       9.105, 0, 0)  
     (      -2.765,       9.110, 0, 0)  
     (      -2.765,       9.115, 0, 0)  
     (      -2.765,       9.118, 0, 0)  
     (      -2.765,       9.122, 0, 0)  
     (      -2.767,       9.128, 0, 0)  
     (      -2.771,       9.132, 0, 0)  
     (      -2.773,       9.135, 0, 0)  

Shape:10 (Arc)  nVertices=46, nParts=1
  Bounds:(      -2.765,       5.347, 0, 0)
      to (      -2.716,       5.589, 0, 0)
     (      -2.717,       5.347, 0, 0) Ring 
     (      -2.717,       5.352, 0, 0)  
     (      -2.716,       5.359, 0, 0)  
     (      -2.716,       5.366, 0, 0)  
     (      -2.716,       5.372, 0, 0)  
     (      -2.716,       5.379, 0, 0)  
     (      -2.716,       5.386, 0, 0)  
     (      -2.717,       5.392, 0, 0)  
     (      -2.719,       5.397, 0, 0)  
     (      -2.720,       5.402, 0, 0)  
     (      -2.723,       5.407, 0, 0)  
     (      -2.725,       5.411, 0, 0)  
     (      -2.727,       5.416, 0, 0)  
     (      -2.729,       5.420, 0, 0)  
     (      -2.732,       5.424, 0, 0)  
     (      -2.734,       5.429, 0, 0)  
     (      -2.734,       5.428, 0, 0)  
     (      -2.736,       5.432, 0, 0)  
     (      -2.737,       5.437, 0, 0)  
     (      -2.739,       5.442, 0, 0)  
     (      -2.742,       5.446, 0, 0)  
     (      -2.742,       5.452, 0, 0)  
     (      -2.744,       5.458, 0, 0)  
     (      -2.745,       5.464, 0, 0)  
     (      -2.747,       5.468, 0, 0)  
     (      -2.748,       5.474, 0, 0)  
     (      -2.749,       5.479, 0, 0)  
     (      -2.751,       5.485, 0, 0)  
     (      -2.752,       5.490, 0, 0)  
     (      -2.753,       5.496, 0, 0)  
     (      -2.754,       5.503, 0, 0)  
     (      -2.755,       5.508, 0, 0)  
     (      -2.756,       5.514, 0, 0)  
     (      -2.758,       5.519, 0, 0)  
     (      -2.759,       5.524, 0, 0)  
     (      -2.761,       5.529, 0, 0)  
     (      -2.763,       5.534, 0, 0)  
     (      -2.764,       5.540, 0, 0)  
     (      -2.765,       5.546, 0, 0)  
     (      -2.765,       5.553, 0, 0)  
     (      -2.765,       5.559, 0, 0)  
     (      -2.765,       5.566, 0, 0)  
     (      -2.765,       5.573, 0, 0)  
     (      -2.764,       5.579, 0, 0)  
     (      -2.763,       5.584, 0, 0)  
     (      -2.762,       5.589, 0, 0)  

Shape:11 (Arc)  nVertices=62, nParts=1
  Bounds:(      -2.734,       9.160, 0, 0)
      to (      -2.657,       9.482, 0, 0)
     (      -2.734,       9.160, 0, 0) Ring 
     (      -2.729,       9.166, 0, 0)  
     (      -2.727,       9.168, 0, 0)  
     (      -2.726,       9.170, 0, 0)  
     (      -2.725,       9.173, 0, 0)  
     (      -2.724,       9.175, 0, 0)  
     (      -2.721,       9.181, 0, 0)  
     (      -2.721,       9.184, 0, 0)  
     (      -2.719,       9.187, 0, 0)  
     (      -2.717,       9.192, 0, 0)  
     (      -2.664,       9.240, 0, 0)  
     (      -2.661,       9.243, 0, 0)  
     (      -2.659,       9.247, 0, 0)  
     (      -2.658,       9.252, 0, 0)  
     (      -2.657,       9.257, 0, 0)  
     (      -2.658,       9.260, 0, 0)  
     (      -2.659,       9.262, 0, 0)  
     (      -2.663,       9.264, 0, 0)  
     (      -2.665,       9.266, 0, 0)  
     (      -2.668,       9.273, 0, 0)  
     (      -2.672,       9.275, 0, 0)  
     (      -2.677,       9.281, 0, 0)  
     (      -2.681,       9.283, 0, 0)  
     (      -2.684,       9.285, 0, 0)  
     (      -2.686,       9.288, 0, 0)  
     (      -2.687,       9.287, 0, 0)  
     (      -2.692,       9.284, 0, 0)  
     (      -2.693,       9.284, 0, 0)  
     (      -2.697,       9.286, 0, 0)  
     (      -2.703,       9.286, 0, 0)  
     (      -2.706,       9.288, 0, 0)  
     (      -2.710,       9.290, 0, 0)  
     (      -2.712,       9.293, 0, 0)  
     (      -2.716,       9.297, 0, 0)  
     (      -2.717,       9.299, 0, 0)  
     (      -2.717,       9.301, 0, 0)  
     (      -2.718,       9.306, 0, 0)  
     (      -2.720,       9.312, 0, 0)  
     (      -2.721,       9.314, 0, 0)  
     (      -2.721,       9.320, 0, 0)  
     (      -2.687,       9.356, 0, 0)  
     (      -2.683,       9.359, 0, 0)  
     (      -2.680,       9.363, 0, 0)  
     (      -2.677,       9.367, 0, 0)  
     (      -2.676,       9.372, 0, 0)  
     (      -2.674,       9.384, 0, 0)  
     (      -2.673,       9.388, 0, 0)  
     (      -2.675,       9.397, 0, 0)  
     (      -2.677,       9.407, 0, 0)  
     (      -2.679,       9.411, 0, 0)  
     (      -2.680,       9.414, 0, 0)  
     (      -2.686,       9.423, 0, 0)  
     (      -2.687,       9.428, 0, 0)  
     (      -2.689,       9.433, 0, 0)  
     (      -2.690,       9.450, 0, 0)  
     (      -2.690,       9.454, 0, 0)  
     (      -2.689,       9.458, 0, 0)  
     (      -2.687,       9.466, 0, 0)  
     (      -2.685,       9.472, 0, 0)  
     (      -2.685,       9.475, 0, 0)  
     (      -2.684,       9.478, 0, 0)  
     (      -2.685,       9.482, 0, 0)  

Shape:12 (Arc)  nVertices=11, nParts=1
  Bounds:(      -2.705,      10.983, 0, 0)
      to (      -2.371,      10.996, 0, 0)
     (      -2.371,      10.986, 0, 0) Ring 
     (      -2.388,      10.985, 0, 0)  
     (      -2.433,      10.985, 0, 0)  
     (      -2.505,      10.983, 0, 0)  
     (      -2.532,      10.988, 0, 0)  
     (      -2.552,      10.989, 0, 0)  
     (      -2.595,      10.994, 0, 0)  
     (      -2.676,      10.994, 0, 0)  
     (      -2.698,      10.996, 0, 0)  
     (      -2.701,      10.995, 0, 0)  
     (      -2.705,      10.996, 0, 0)  

Shape:13 (Arc)  nVertices=2, nParts=1
  Bounds:(      -2.689,       9.482, 0, 0)
      to (      -2.685,       9.483, 0, 0)
     (      -2.685,       9.482, 0, 0) Ring 
     (      -2.689,       9.483, 0, 0)  

Shape:14 (Arc)  nVertices=9, nParts=1
  Bounds:(      -2.277,      10.977, 0, 0)
      to (      -1.966,      10.987, 0, 0)
     (      -1.966,      10.979, 0, 0) Ring 
     (      -1.978,      10.982, 0, 0)  
     (      -2.051,      10.977, 0, 0)  
     (      -2.096,      10.978, 0, 0)  
     (      -2.196,      10.983, 0, 0)  
     (      -2.204,      10.982, 0, 0)  
     (      -2.235,      10.986, 0, 0)  
     (      -2.260,      10.987, 0, 0)  
     (      -2.277,      10.987, 0, 0)  

Shape:15 (Arc)  nVertices=12, nParts=1
  Bounds:(      -1.817,      10.976, 0, 0)
      to (      -1.428,      11.017, 0, 0)
     (      -1.428,      11.015, 0, 0) Ring 
     (      -1.488,      11.017, 0, 0)  
     (      -1.588,      11.015, 0, 0)  
     (      -1.587,      11.001, 0, 0)  
     (      -1.593,      10.988, 0, 0)  
     (      -1.621,      10.989, 0, 0)  
     (      -1.631,      10.994, 0, 0)  
     (      -1.703,      10.984, 0, 0)  
     (      -1.742,      10.976, 0, 0)  
     (      -1.747,      10.979, 0, 0)  
     (      -1.791,      10.982, 0, 0)  
     (      -1.817,      10.982, 0, 0)  

Shape:16 (Arc)  nVertices=15, nParts=1
  Bounds:(      -1.428,      10.983, 0, 0)
      to (      -1.067,      11.015, 0, 0)
     (      -1.067,      11.001, 0, 0) Ring 
     (      -1.086,      11.001, 0, 0)  
     (      -1.120,      11.001, 0, 0)  
     (      -1.122,      10.983, 0, 0)  
     (      -1.152,      10.984, 0, 0)  
     (      -1.165,      10.986, 0, 0)  
     (      -1.195,      10.986, 0, 0)  
     (      -1.236,      10.990, 0, 0)  
     (      -1.310,      10.993, 0, 0)  
     (      -1.322,      10.991, 0, 0)  
     (      -1.350,      10.990, 0, 0)  
     (      -1.362,      10.991, 0, 0)  
     (      -1.377,      10.991, 0, 0)  
     (      -1.397,      10.990, 0, 0)  
     (      -1.428,      11.015, 0, 0)  

Shape:17 (Arc)  nVertices=6, nParts=1
  Bounds:(      -1.067,      10.991, 0, 0)
      to (      -0.935,      11.001, 0, 0)
     (      -0.935,      10.994, 0, 0) Ring 
     (      -0.974,      10.991, 0, 0)  
     (      -0.998,      10.991, 0, 0)  
     (      -1.029,      10.999, 0, 0)  
     (      -1.061,      11.001, 0, 0)  
     (      -1.067,      11.001, 0, 0)  

Shape:18 (Arc)  nVertices=11, nParts=1
  Bounds:(      -0.935,      10.959, 0, 0)
      to (      -0.858,      10.994, 0, 0)
     (      -0.858,      10.989, 0, 0) Ring 
     (      -0.873,      10.974, 0, 0)  
     (      -0.874,      10.969, 0, 0)  
     (      -0.879,      10.959, 0, 0)  
     (      -0.887,      10.960, 0, 0)  
     (      -0.891,      10.960, 0, 0)  
     (      -0.893,      10.962, 0, 0)  
     (      -0.903,      10.972, 0, 0)  
     (      -0.922,      10.974, 0, 0)  
     (      -0.924,      10.985, 0, 0)  
     (      -0.935,      10.994, 0, 0)  

Shape:19 (Arc)  nVertices=10, nParts=1
  Bounds:(      -0.858,      10.989, 0, 0)
      to (      -0.687,      10.993, 0, 0)
     (      -0.687,      10.991, 0, 0) Ring 
     (      -0.689,      10.991, 0, 0)  
     (      -0.732,      10.991, 0, 0)  
     (      -0.757,      10.990, 0, 0)  
     (      -0.765,      10.990, 0, 0)  
     (      -0.768,      10.992, 0, 0)  
     (      -0.792,      10.992, 0, 0)  
     (      -0.809,      10.993, 0, 0)  
     (      -0.837,      10.991, 0, 0)  
     (      -0.858,      10.989, 0, 0)  

Shape:20 (Arc)  nVertices=20, nParts=1
  Bounds:(      -0.689,      10.902, 0, 0)
      to (      -0.507,      10.993, 0, 0)
     (      -0.507,      10.993, 0, 0) Ring 
     (      -0.528,      10.985, 0, 0)  
     (      -0.538,      10.989, 0, 0)  
     (      -0.579,      10.972, 0, 0)  
     (      -0.596,      10.931, 0, 0)  
     (      -0.610,      10.904, 0, 0)  
     (      -0.621,      10.902, 0, 0)  
     (      -0.633,      10.936, 0, 0)  
     (      -0.640,      10.941, 0, 0)  
     (      -0.651,      10.945, 0, 0)  
     (      -0.652,      10.954, 0, 0)  
     (      -0.656,      10.957, 0, 0)  
     (      -0.661,      10.954, 0, 0)  
     (      -0.663,      10.948, 0, 0)  
     (      -0.667,      10.981, 0, 0)  
     (      -0.672,      10.983, 0, 0)  
     (      -0.679,      10.976, 0, 0)  
     (      -0.682,      10.975, 0, 0)  
     (      -0.689,      10.981, 0, 0)  
     (      -0.687,      10.991, 0, 0)  

Shape:21 (Arc)  nVertices=9, nParts=1
  Bounds:(      -0.476,      11.019, 0, 0)
      to (      -0.377,      11.120, 0, 0)
     (      -0.377,      11.116, 0, 0) Ring 
     (      -0.400,      11.120, 0, 0)  
     (      -0.434,      11.085, 0, 0)  
     (      -0.440,      11.068, 0, 0)  
     (      -0.439,      11.039, 0, 0)  
     (      -0.438,      11.030, 0, 0)  
     (      -0.450,      11.023, 0, 0)  
     (      -0.456,      11.019, 0, 0)  
     (      -0.476,      11.025, 0, 0)  

Shape:22 (Arc)  nVertices=14, nParts=1
  Bounds:(      -0.394,       5.608, 0, 0)
      to (      -0.086,       5.795, 0, 0)
     (      -0.394,       5.608, 0, 0) Ring 
     (      -0.300,       5.608, 0, 0)  
     (      -0.300,       5.795, 0, 0)  
     (      -0.199,       5.795, 0, 0)  
     (      -0.198,       5.669, 0, 0)  
     (      -0.162,       5.668, 0, 0)  
     (      -0.162,       5.666, 0, 0)  
     (      -0.152,       5.666, 0, 0)  
     (      -0.137,       5.665, 0, 0)  
     (      -0.125,       5.666, 0, 0)  
     (      -0.125,       5.668, 0, 0)  
     (      -0.093,       5.672, 0, 0)  
     (      -0.086,       5.672, 0, 0)  
     (      -0.394,       5.608, 0, 0)  

Shape:23 (Arc)  nVertices=25, nParts=1
  Bounds:(      -0.379,      11.068, 0, 0)
      to (      -0.151,      11.172, 0, 0)
     (      -0.151,      11.141, 0, 0) Ring 
     (      -0.160,      11.144, 0, 0)  
     (      -0.190,      11.152, 0, 0)  
     (      -0.213,      11.158, 0, 0)  
     (      -0.230,      11.162, 0, 0)  
     (      -0.264,      11.172, 0, 0)  
     (      -0.280,      11.169, 0, 0)  
     (      -0.282,      11.155, 0, 0)  
     (      -0.283,      11.153, 0, 0)  
     (      -0.285,      11.150, 0, 0)  
     (      -0.290,      11.151, 0, 0)  
     (      -0.289,      11.139, 0, 0)  
     (      -0.280,      11.137, 0, 0)  
     (      -0.274,      11.122, 0, 0)  
     (      -0.317,      11.108, 0, 0)  
     (      -0.329,      11.108, 0, 0)  
     (      -0.337,      11.104, 0, 0)  
     (      -0.349,      11.080, 0, 0)  
     (      -0.357,      11.076, 0, 0)  
     (      -0.360,      11.069, 0, 0)  
     (      -0.361,      11.068, 0, 0)  
     (      -0.362,      11.071, 0, 0)  
     (      -0.374,      11.093, 0, 0)  
     (      -0.379,      11.101, 0, 0)  
     (      -0.377,      11.116, 0, 0)  

Shape:24 (Arc)  nVertices=32, nParts=1
  Bounds:(      -0.151,      10.961, 0, 0)
      to (       0.031,      11.141, 0, 0)
     (      -0.001,      10.961, 0, 0) Ring 
     (       0.003,      10.964, 0, 0)  
     (       0.007,      10.967, 0, 0)  
     (       0.011,      10.970, 0, 0)  
     (       0.015,      10.973, 0, 0)  
     (       0.020,      10.975, 0, 0)  
     (       0.024,      10.977, 0, 0)  
     (       0.028,      10.981, 0, 0)  
     (       0.031,      10.984, 0, 0)  
     (       0.015,      11.091, 0, 0)  
     (       0.010,      11.093, 0, 0)  
     (       0.005,      11.095, 0, 0)  
     (       0.001,      11.097, 0, 0)  
     (      -0.005,      11.099, 0, 0)  
     (      -0.010,      11.101, 0, 0)  
     (      -0.016,      11.102, 0, 0)  
     (      -0.021,      11.104, 0, 0)  
     (      -0.028,      11.104, 0, 0)  
     (      -0.035,      11.105, 0, 0)  
     (      -0.041,      11.104, 0, 0)  
     (      -0.047,      11.103, 0, 0)  
     (      -0.051,      11.100, 0, 0)  
     (      -0.056,      11.098, 0, 0)  
     (      -0.061,      11.096, 0, 0)  
     (      -0.066,      11.094, 0, 0)  
     (      -0.071,      11.092, 0, 0)  
     (      -0.077,      11.092, 0, 0)  
     (      -0.084,      11.091, 0, 0)  
     (      -0.146,      11.126, 0, 0)  
     (      -0.148,      11.131, 0, 0)  
     (      -0.151,      11.139, 0, 0)  
     (      -0.151,      11.141, 0, 0)  

Shape:25 (Arc)  nVertices=57, nParts=1
  Bounds:(      -0.084,      10.516, 0, 0)
      to (       0.128,      10.793, 0, 0)
     (       0.128,      10.516, 0, 0) Ring 
     (       0.124,      10.518, 0, 0)  
     (       0.121,      10.522, 0, 0)  
     (       0.116,      10.524, 0, 0)  
     (       0.112,      10.527, 0, 0)  
     (       0.108,      10.530, 0, 0)  
     (       0.103,      10.532, 0, 0)  
     (       0.099,      10.535, 0, 0)  
     (       0.094,      10.537, 0, 0)  
     (       0.089,      10.539, 0, 0)  
     (       0.084,      10.541, 0, 0)  
     (       0.079,      10.543, 0, 0)  
     (       0.074,      10.545, 0, 0)  
     (       0.069,      10.548, 0, 0)  
     (       0.066,      10.551, 0, 0)  
     (       0.063,      10.555, 0, 0)  
     (       0.060,      10.559, 0, 0)  
     (       0.058,      10.564, 0, 0)  
     (       0.056,      10.569, 0, 0)  
     (       0.054,      10.574, 0, 0)  
     (       0.051,      10.578, 0, 0)  
     (       0.049,      10.582, 0, 0)  
     (       0.046,      10.586, 0, 0)  
     (       0.042,      10.589, 0, 0)  
     (       0.037,      10.591, 0, 0)  
     (       0.032,      10.593, 0, 0)  
     (       0.026,      10.595, 0, 0)  
     (       0.021,      10.596, 0, 0)  
     (       0.015,      10.598, 0, 0)  
     (       0.010,      10.600, 0, 0)  
     (       0.006,      10.602, 0, 0)  
     (       0.001,      10.605, 0, 0)  
     (      -0.002,      10.608, 0, 0)  
     (      -0.025,      10.621, 0, 0)  
     (      -0.032,      10.621, 0, 0)  
     (      -0.037,      10.622, 0, 0)  
     (      -0.044,      10.623, 0, 0)  
     (      -0.049,      10.624, 0, 0)  
     (      -0.055,      10.626, 0, 0)  
     (      -0.060,      10.628, 0, 0)  
     (      -0.064,      10.631, 0, 0)  
     (      -0.068,      10.634, 0, 0)  
     (      -0.072,      10.637, 0, 0)  
     (      -0.074,      10.641, 0, 0)  
     (      -0.077,      10.646, 0, 0)  
     (      -0.078,      10.651, 0, 0)  
     (      -0.080,      10.656, 0, 0)  
     (      -0.081,      10.661, 0, 0)  
     (      -0.081,      10.668, 0, 0)  
     (      -0.081,      10.674, 0, 0)  
     (      -0.082,      10.680, 0, 0)  
     (      -0.083,      10.686, 0, 0)  
     (      -0.083,      10.693, 0, 0)  
     (      -0.084,      10.699, 0, 0)  
     (      -0.056,      10.786, 0, 0)  
     (      -0.052,      10.789, 0, 0)  
     (      -0.049,      10.793, 0, 0)  

Shape:26 (Arc)  nVertices=50, nParts=1
  Bounds:(       0.128,      10.299, 0, 0)
      to (       0.380,      10.516, 0, 0)
     (       0.380,      10.308, 0, 0) Ring 
     (       0.374,      10.307, 0, 0)  
     (       0.368,      10.306, 0, 0)  
     (       0.361,      10.306, 0, 0)  
     (       0.355,      10.307, 0, 0)  
     (       0.350,      10.305, 0, 0)  
     (       0.346,      10.303, 0, 0)  
     (       0.342,      10.299, 0, 0)  
     (       0.336,      10.299, 0, 0)  
     (       0.330,      10.299, 0, 0)  
     (       0.325,      10.301, 0, 0)  
     (       0.326,      10.304, 0, 0)  
     (       0.325,      10.329, 0, 0)  
     (       0.321,      10.331, 0, 0)  
     (       0.303,      10.361, 0, 0)  
     (       0.299,      10.363, 0, 0)  
     (       0.296,      10.367, 0, 0)  
     (       0.297,      10.397, 0, 0)  
     (       0.294,      10.401, 0, 0)  
     (       0.291,      10.405, 0, 0)  
     (       0.277,      10.415, 0, 0)  
     (       0.273,      10.412, 0, 0)  
     (       0.270,      10.408, 0, 0)  
     (       0.267,      10.404, 0, 0)  
     (       0.264,      10.400, 0, 0)  
     (       0.259,      10.399, 0, 0)  
     (       0.254,      10.401, 0, 0)  
     (       0.250,      10.402, 0, 0)  
     (       0.245,      10.404, 0, 0)  
     (       0.239,      10.406, 0, 0)  
     (       0.234,      10.407, 0, 0)  
     (       0.229,      10.409, 0, 0)  
     (       0.217,      10.417, 0, 0)  
     (       0.214,      10.414, 0, 0)  
     (       0.211,      10.409, 0, 0)  
     (       0.209,      10.404, 0, 0)  
     (       0.207,      10.400, 0, 0)  
     (       0.203,      10.397, 0, 0)  
     (       0.196,      10.398, 0, 0)  
     (       0.152,      10.470, 0, 0)  
     (       0.149,      10.474, 0, 0)  
     (       0.147,      10.479, 0, 0)  
     (       0.145,      10.484, 0, 0)  
     (       0.144,      10.490, 0, 0)  
     (       0.142,      10.495, 0, 0)  
     (       0.141,      10.500, 0, 0)  
     (       0.138,      10.504, 0, 0)  
     (       0.135,      10.509, 0, 0)  
     (       0.132,      10.512, 0, 0)  
     (       0.128,      10.516, 0, 0)  

Shape:27 (Arc)  nVertices=84, nParts=1
  Bounds:(       0.227,       8.956, 0, 0)
      to (       0.554,       9.493, 0, 0)
     (       0.490,       8.956, 0, 0) Ring 
     (       0.479,       8.973, 0, 0)  
     (       0.468,       8.991, 0, 0)  
     (       0.456,       9.008, 0, 0)  
     (       0.448,       9.020, 0, 0)  
     (       0.448,       9.025, 0, 0)  
     (       0.448,       9.032, 0, 0)  
     (       0.449,       9.038, 0, 0)  
     (       0.451,       9.044, 0, 0)  
     (       0.452,       9.049, 0, 0)  
     (       0.454,       9.055, 0, 0)  
     (       0.525,       9.211, 0, 0)  
     (       0.512,       9.275, 0, 0)  
     (       0.542,       9.312, 0, 0)  
     (       0.540,       9.318, 0, 0)  
     (       0.540,       9.324, 0, 0)  
     (       0.541,       9.330, 0, 0)  
     (       0.544,       9.334, 0, 0)  
     (       0.549,       9.350, 0, 0)  
     (       0.550,       9.356, 0, 0)  
     (       0.552,       9.361, 0, 0)  
     (       0.553,       9.367, 0, 0)  
     (       0.554,       9.374, 0, 0)  
     (       0.554,       9.380, 0, 0)  
     (       0.554,       9.387, 0, 0)  
     (       0.554,       9.394, 0, 0)  
     (       0.553,       9.400, 0, 0)  
     (       0.552,       9.406, 0, 0)  
     (       0.551,       9.411, 0, 0)  
     (       0.549,       9.415, 0, 0)  
     (       0.545,       9.418, 0, 0)  
     (       0.540,       9.420, 0, 0)  
     (       0.535,       9.422, 0, 0)  
     (       0.530,       9.424, 0, 0)  
     (       0.525,       9.426, 0, 0)  
     (       0.519,       9.426, 0, 0)  
     (       0.513,       9.427, 0, 0)  
     (       0.506,       9.427, 0, 0)  
     (       0.501,       9.428, 0, 0)  
     (       0.499,       9.432, 0, 0)  
     (       0.501,       9.437, 0, 0)  
     (       0.504,       9.442, 0, 0)  
     (       0.481,       9.479, 0, 0)  
     (       0.476,       9.481, 0, 0)  
     (       0.471,       9.482, 0, 0)  
     (       0.452,       9.491, 0, 0)  
     (       0.446,       9.493, 0, 0)  
     (       0.396,       9.488, 0, 0)  
     (       0.390,       9.487, 0, 0)  
     (       0.371,       9.489, 0, 0)  
     (       0.364,       9.490, 0, 0)  
     (       0.359,       9.489, 0, 0)  
     (       0.355,       9.486, 0, 0)  
     (       0.350,       9.483, 0, 0)  
     (       0.347,       9.479, 0, 0)  
     (       0.346,       9.474, 0, 0)  
     (       0.344,       9.468, 0, 0)  
     (       0.343,       9.463, 0, 0)  
     (       0.342,       9.456, 0, 0)  
     (       0.341,       9.451, 0, 0)  
     (       0.338,       9.446, 0, 0)  
     (       0.335,       9.443, 0, 0)  
     (       0.331,       9.439, 0, 0)  
     (       0.326,       9.438, 0, 0)  
     (       0.321,       9.436, 0, 0)  
     (       0.316,       9.434, 0, 0)  
     (       0.310,       9.433, 0, 0)  
     (       0.305,       9.432, 0, 0)  
     (       0.301,       9.429, 0, 0)  
     (       0.296,       9.427, 0, 0)  
     (       0.292,       9.424, 0, 0)  
     (       0.288,       9.421, 0, 0)  
     (       0.282,       9.420, 0, 0)  
     (       0.276,       9.419, 0, 0)  
     (       0.269,       9.419, 0, 0)  
     (       0.263,       9.420, 0, 0)  
     (       0.257,       9.421, 0, 0)  
     (       0.251,       9.422, 0, 0)  
     (       0.246,       9.424, 0, 0)  
     (       0.240,       9.425, 0, 0)  
     (       0.236,       9.427, 0, 0)  
     (       0.231,       9.429, 0, 0)  
     (       0.228,       9.431, 0, 0)  
     (       0.227,       9.433, 0, 0)  

Shape:28 (Arc)  nVertices=111, nParts=1
  Bounds:(       0.227,       9.433, 0, 0)
      to (       0.366,       9.686, 0, 0)
     (       0.345,       9.664, 0, 0) Ring 
     (       0.341,       9.657, 0, 0)  
     (       0.339,       9.656, 0, 0)  
     (       0.335,       9.655, 0, 0)  
     (       0.327,       9.651, 0, 0)  
     (       0.323,       9.651, 0, 0)  
     (       0.318,       9.652, 0, 0)  
     (       0.315,       9.655, 0, 0)  
     (       0.309,       9.659, 0, 0)  
     (       0.307,       9.661, 0, 0)  
     (       0.307,       9.665, 0, 0)  
     (       0.305,       9.668, 0, 0)  
     (       0.300,       9.673, 0, 0)  
     (       0.294,       9.680, 0, 0)  
     (       0.290,       9.684, 0, 0)  
     (       0.285,       9.686, 0, 0)  
     (       0.279,       9.686, 0, 0)  
     (       0.278,       9.686, 0, 0)  
     (       0.276,       9.681, 0, 0)  
     (       0.272,       9.675, 0, 0)  
     (       0.270,       9.673, 0, 0)  
     (       0.267,       9.667, 0, 0)  
     (       0.264,       9.664, 0, 0)  
     (       0.263,       9.657, 0, 0)  
     (       0.264,       9.654, 0, 0)  
     (       0.268,       9.647, 0, 0)  
     (       0.271,       9.642, 0, 0)  
     (       0.276,       9.632, 0, 0)  
     (       0.276,       9.626, 0, 0)  
     (       0.277,       9.620, 0, 0)  
     (       0.281,       9.614, 0, 0)  
     (       0.282,       9.613, 0, 0)  
     (       0.284,       9.610, 0, 0)  
     (       0.287,       9.608, 0, 0)  
     (       0.290,       9.603, 0, 0)  
     (       0.290,       9.599, 0, 0)  
     (       0.293,       9.597, 0, 0)  
     (       0.296,       9.595, 0, 0)  
     (       0.299,       9.595, 0, 0)  
     (       0.303,       9.596, 0, 0)  
     (       0.305,       9.598, 0, 0)  
     (       0.315,       9.604, 0, 0)  
     (       0.321,       9.605, 0, 0)  
     (       0.326,       9.608, 0, 0)  
     (       0.335,       9.612, 0, 0)  
     (       0.342,       9.618, 0, 0)  
     (       0.344,       9.620, 0, 0)  
     (       0.352,       9.624, 0, 0)  
     (       0.355,       9.625, 0, 0)  
     (       0.357,       9.625, 0, 0)  
     (       0.366,       9.576, 0, 0)  
     (       0.358,       9.573, 0, 0)  
     (       0.351,       9.572, 0, 0)  
     (       0.345,       9.572, 0, 0)  
     (       0.340,       9.578, 0, 0)  
     (       0.334,       9.578, 0, 0)  
     (       0.332,       9.578, 0, 0)  
     (       0.328,       9.578, 0, 0)  
     (       0.325,       9.577, 0, 0)  
     (       0.323,       9.578, 0, 0)  
     (       0.319,       9.575, 0, 0)  
     (       0.317,       9.575, 0, 0)  
     (       0.310,       9.577, 0, 0)  
     (       0.307,       9.577, 0, 0)  
     (       0.302,       9.575, 0, 0)  
     (       0.299,       9.575, 0, 0)  
     (       0.295,       9.575, 0, 0)  
     (       0.290,       9.577, 0, 0)  
     (       0.286,       9.575, 0, 0)  
     (       0.279,       9.573, 0, 0)  
     (       0.276,       9.571, 0, 0)  
     (       0.274,       9.571, 0, 0)  
     (       0.273,       9.569, 0, 0)  
     (       0.270,       9.567, 0, 0)  
     (       0.268,       9.566, 0, 0)  
     (       0.264,       9.567, 0, 0)  
     (       0.259,       9.570, 0, 0)  
     (       0.254,       9.574, 0, 0)  
     (       0.249,       9.575, 0, 0)  
     (       0.244,       9.576, 0, 0)  
     (       0.240,       9.574, 0, 0)  
     (       0.239,       9.572, 0, 0)  
     (       0.298,       9.496, 0, 0)  
     (       0.296,       9.493, 0, 0)  
     (       0.293,       9.492, 0, 0)  
     (       0.291,       9.491, 0, 0)  
     (       0.290,       9.490, 0, 0)  
     (       0.289,       9.488, 0, 0)  
     (       0.286,       9.486, 0, 0)  
     (       0.283,       9.486, 0, 0)  
     (       0.281,       9.487, 0, 0)  
     (       0.276,       9.488, 0, 0)  
     (       0.275,       9.487, 0, 0)  
     (       0.273,       9.485, 0, 0)  
     (       0.270,       9.478, 0, 0)  
     (       0.259,       9.477, 0, 0)  
     (       0.254,       9.477, 0, 0)  
     (       0.251,       9.479, 0, 0)  
     (       0.247,       9.480, 0, 0)  
     (       0.242,       9.483, 0, 0)  
     (       0.237,       9.486, 0, 0)  
     (       0.235,       9.485, 0, 0)  
     (       0.235,       9.485, 0, 0)  
     (       0.233,       9.486, 0, 0)  
     (       0.231,       9.486, 0, 0)  
     (       0.229,       9.486, 0, 0)  
     (       0.228,       9.483, 0, 0)  
     (       0.242,       9.437, 0, 0)  
     (       0.237,       9.436, 0, 0)  
     (       0.232,       9.435, 0, 0)  
     (       0.227,       9.433, 0, 0)  

Shape:29 (Arc)  nVertices=28, nParts=1
  Bounds:(       0.325,       9.770, 0, 0)
      to (       0.403,      10.034, 0, 0)
     (       0.403,      10.020, 0, 0) Ring 
     (       0.401,      10.020, 0, 0)  
     (       0.398,      10.021, 0, 0)  
     (       0.394,      10.025, 0, 0)  
     (       0.385,      10.026, 0, 0)  
     (       0.384,      10.025, 0, 0)  
     (       0.380,      10.025, 0, 0)  
     (       0.378,      10.026, 0, 0)  
     (       0.374,      10.026, 0, 0)  
     (       0.369,      10.031, 0, 0)  
     (       0.365,      10.034, 0, 0)  
     (       0.363,      10.034, 0, 0)  
     (       0.377,       9.933, 0, 0)  
     (       0.375,       9.934, 0, 0)  
     (       0.371,       9.932, 0, 0)  
     (       0.367,       9.931, 0, 0)  
     (       0.360,       9.930, 0, 0)  
     (       0.357,       9.927, 0, 0)  
     (       0.355,       9.922, 0, 0)  
     (       0.342,       9.820, 0, 0)  
     (       0.341,       9.818, 0, 0)  
     (       0.338,       9.814, 0, 0)  
     (       0.338,       9.811, 0, 0)  
     (       0.331,       9.796, 0, 0)  
     (       0.328,       9.774, 0, 0)  
     (       0.326,       9.773, 0, 0)  
     (       0.325,       9.772, 0, 0)  
     (       0.326,       9.770, 0, 0)  

Shape:30 (Arc)  nVertices=8, nParts=1
  Bounds:(       0.350,      10.110, 0, 0)
      to (       0.378,      10.271, 0, 0)
     (       0.378,      10.271, 0, 0) Ring 
     (       0.374,      10.268, 0, 0)  
     (       0.371,      10.263, 0, 0)  
     (       0.357,      10.129, 0, 0)  
     (       0.355,      10.124, 0, 0)  
     (       0.352,      10.120, 0, 0)  
     (       0.350,      10.115, 0, 0)  
     (       0.351,      10.110, 0, 0)  

Shape:31 (Arc)  nVertices=135, nParts=1
  Bounds:(       0.382,       8.303, 0, 0)
      to (       0.729,       8.956, 0, 0)
     (       0.729,       8.303, 0, 0) Ring 
     (       0.729,       8.310, 0, 0)  
     (       0.728,       8.316, 0, 0)  
     (       0.727,       8.321, 0, 0)  
     (       0.725,       8.326, 0, 0)  
     (       0.721,       8.329, 0, 0)  
     (       0.716,       8.331, 0, 0)  
     (       0.709,       8.331, 0, 0)  
     (       0.706,       8.335, 0, 0)  
     (       0.705,       8.341, 0, 0)  
     (       0.706,       8.348, 0, 0)  
     (       0.705,       8.354, 0, 0)  
     (       0.705,       8.361, 0, 0)  
     (       0.705,       8.368, 0, 0)  
     (       0.705,       8.374, 0, 0)  
     (       0.703,       8.379, 0, 0)  
     (       0.702,       8.384, 0, 0)  
     (       0.699,       8.389, 0, 0)  
     (       0.696,       8.392, 0, 0)  
     (       0.690,       8.394, 0, 0)  
     (       0.684,       8.395, 0, 0)  
     (       0.679,       8.397, 0, 0)  
     (       0.676,       8.401, 0, 0)  
     (       0.674,       8.406, 0, 0)  
     (       0.672,       8.410, 0, 0)  
     (       0.667,       8.412, 0, 0)  
     (       0.661,       8.413, 0, 0)  
     (       0.656,       8.416, 0, 0)  
     (       0.657,       8.422, 0, 0)  
     (       0.657,       8.422, 0, 0)  
     (       0.658,       8.423, 0, 0)  
     (       0.658,       8.427, 0, 0)  
     (       0.658,       8.434, 0, 0)  
     (       0.658,       8.440, 0, 0)  
     (       0.657,       8.446, 0, 0)  
     (       0.657,       8.453, 0, 0)  
     (       0.655,       8.458, 0, 0)  
     (       0.654,       8.464, 0, 0)  
     (       0.653,       8.469, 0, 0)  
     (       0.650,       8.473, 0, 0)  
     (       0.647,       8.477, 0, 0)  
     (       0.643,       8.480, 0, 0)  
     (       0.639,       8.483, 0, 0)  
     (       0.637,       8.488, 0, 0)  
     (       0.634,       8.492, 0, 0)  
     (       0.631,       8.495, 0, 0)  
     (       0.626,       8.497, 0, 0)  
     (       0.622,       8.500, 0, 0)  
     (       0.618,       8.503, 0, 0)  
     (       0.613,       8.505, 0, 0)  
     (       0.607,       8.507, 0, 0)  
     (       0.603,       8.509, 0, 0)  
     (       0.598,       8.512, 0, 0)  
     (       0.593,       8.513, 0, 0)  
     (       0.587,       8.514, 0, 0)  
     (       0.580,       8.515, 0, 0)  
     (       0.574,       8.516, 0, 0)  
     (       0.568,       8.516, 0, 0)  
     (       0.564,       8.520, 0, 0)  
     (       0.563,       8.526, 0, 0)  
     (       0.562,       8.531, 0, 0)  
     (       0.559,       8.535, 0, 0)  
     (       0.556,       8.539, 0, 0)  
     (       0.552,       8.542, 0, 0)  
     (       0.548,       8.545, 0, 0)  
     (       0.544,       8.548, 0, 0)  
     (       0.542,       8.552, 0, 0)  
     (       0.538,       8.556, 0, 0)  
     (       0.533,       8.558, 0, 0)  
     (       0.527,       8.559, 0, 0)  
     (       0.521,       8.559, 0, 0)  
     (       0.516,       8.562, 0, 0)  
     (       0.514,       8.566, 0, 0)  
     (       0.499,       8.584, 0, 0)  
     (       0.494,       8.586, 0, 0)  
     (       0.488,       8.588, 0, 0)  
     (       0.482,       8.588, 0, 0)  
     (       0.477,       8.590, 0, 0)  
     (       0.472,       8.593, 0, 0)  
     (       0.469,       8.596, 0, 0)  
     (       0.466,       8.600, 0, 0)  
     (       0.464,       8.605, 0, 0)  
     (       0.461,       8.609, 0, 0)  
     (       0.459,       8.614, 0, 0)  
     (       0.456,       8.618, 0, 0)  
     (       0.454,       8.623, 0, 0)  
     (       0.452,       8.627, 0, 0)  
     (       0.449,       8.631, 0, 0)  
     (       0.446,       8.634, 0, 0)  
     (       0.443,       8.639, 0, 0)  
     (       0.441,       8.644, 0, 0)  
     (       0.438,       8.648, 0, 0)  
     (       0.436,       8.652, 0, 0)  
     (       0.434,       8.657, 0, 0)  
     (       0.431,       8.661, 0, 0)  
     (       0.428,       8.665, 0, 0)  
     (       0.426,       8.669, 0, 0)  
     (       0.423,       8.674, 0, 0)  
     (       0.420,       8.678, 0, 0)  
     (       0.417,       8.682, 0, 0)  
     (       0.415,       8.686, 0, 0)  
     (       0.413,       8.691, 0, 0)  
     (       0.410,       8.695, 0, 0)  
     (       0.408,       8.700, 0, 0)  
     (       0.406,       8.705, 0, 0)  
     (       0.404,       8.709, 0, 0)  
     (       0.399,       8.718, 0, 0)  
     (       0.385,       8.758, 0, 0)  
     (       0.383,       8.762, 0, 0)  
     (       0.382,       8.768, 0, 0)  
     (       0.382,       8.775, 0, 0)  
     (       0.383,       8.781, 0, 0)  
     (       0.385,       8.786, 0, 0)  
     (       0.438,       8.790, 0, 0)  
     (       0.494,       8.813, 0, 0)  
     (       0.493,       8.819, 0, 0)  
     (       0.492,       8.824, 0, 0)  
     (       0.492,       8.831, 0, 0)  
     (       0.495,       8.835, 0, 0)  
     (       0.499,       8.838, 0, 0)  
     (       0.514,       8.851, 0, 0)  
     (       0.514,       8.857, 0, 0)  
     (       0.515,       8.864, 0, 0)  
     (       0.516,       8.869, 0, 0)  
     (       0.518,       8.875, 0, 0)  
     (       0.519,       8.880, 0, 0)  
     (       0.521,       8.886, 0, 0)  
     (       0.517,       8.896, 0, 0)  
     (       0.515,       8.900, 0, 0)  
     (       0.514,       8.906, 0, 0)  
     (       0.514,       8.912, 0, 0)  
     (       0.514,       8.919, 0, 0)  
     (       0.512,       8.921, 0, 0)  
     (       0.502,       8.938, 0, 0)  
     (       0.490,       8.956, 0, 0)  

Shape:32 (Arc)  nVertices=33, nParts=1
  Bounds:(       0.513,       7.385, 0, 0)
      to (       0.631,       7.863, 0, 0)
     (       0.631,       7.399, 0, 0) Ring 
     (       0.627,       7.397, 0, 0)  
     (       0.622,       7.395, 0, 0)  
     (       0.617,       7.393, 0, 0)  
     (       0.612,       7.391, 0, 0)  
     (       0.607,       7.389, 0, 0)  
     (       0.601,       7.388, 0, 0)  
     (       0.595,       7.388, 0, 0)  
     (       0.590,       7.386, 0, 0)  
     (       0.583,       7.386, 0, 0)  
     (       0.577,       7.385, 0, 0)  
     (       0.570,       7.385, 0, 0)  
     (       0.565,       7.387, 0, 0)  
     (       0.561,       7.390, 0, 0)  
     (       0.520,       7.451, 0, 0)  
     (       0.513,       7.545, 0, 0)  
     (       0.514,       7.551, 0, 0)  
     (       0.514,       7.558, 0, 0)  
     (       0.516,       7.563, 0, 0)  
     (       0.523,       7.591, 0, 0)  
     (       0.527,       7.594, 0, 0)  
     (       0.532,       7.596, 0, 0)  
     (       0.536,       7.599, 0, 0)  
     (       0.540,       7.601, 0, 0)  
     (       0.544,       7.604, 0, 0)  
     (       0.548,       7.606, 0, 0)  
     (       0.606,       7.708, 0, 0)  
     (       0.613,       7.708, 0, 0)  
     (       0.624,       7.765, 0, 0)  
     (       0.618,       7.844, 0, 0)  
     (       0.619,       7.850, 0, 0)  
     (       0.620,       7.856, 0, 0)  
     (       0.620,       7.863, 0, 0)  

Shape:33 (Arc)  nVertices=13, nParts=1
  Bounds:(       0.514,       6.826, 0, 0)
      to (       0.622,       7.175, 0, 0)
     (       0.529,       6.826, 0, 0) Ring 
     (       0.515,       6.965, 0, 0)  
     (       0.514,       6.971, 0, 0)  
     (       0.514,       6.971, 0, 0)  
     (       0.514,       6.972, 0, 0)  
     (       0.516,       6.976, 0, 0)  
     (       0.518,       6.980, 0, 0)  
     (       0.522,       6.981, 0, 0)  
     (       0.529,       6.981, 0, 0)  
     (       0.614,       7.162, 0, 0)  
     (       0.616,       7.168, 0, 0)  
     (       0.619,       7.172, 0, 0)  
     (       0.622,       7.175, 0, 0)  

Shape:34 (Arc)  nVertices=28, nParts=1
  Bounds:(       0.529,       6.592, 0, 0)
      to (       0.686,       6.826, 0, 0)
     (       0.529,       6.826, 0, 0) Ring 
     (       0.536,       6.825, 0, 0)  
     (       0.541,       6.825, 0, 0)  
     (       0.546,       6.824, 0, 0)  
     (       0.552,       6.822, 0, 0)  
     (       0.557,       6.821, 0, 0)  
     (       0.562,       6.818, 0, 0)  
     (       0.574,       6.809, 0, 0)  
     (       0.574,       6.803, 0, 0)  
     (       0.586,       6.760, 0, 0)  
     (       0.591,       6.758, 0, 0)  
     (       0.596,       6.758, 0, 0)  
     (       0.601,       6.756, 0, 0)  
     (       0.603,       6.752, 0, 0)  
     (       0.608,       6.749, 0, 0)  
     (       0.611,       6.746, 0, 0)  
     (       0.617,       6.747, 0, 0)  
     (       0.623,       6.749, 0, 0)  
     (       0.627,       6.746, 0, 0)  
     (       0.631,       6.743, 0, 0)  
     (       0.636,       6.741, 0, 0)  
     (       0.640,       6.739, 0, 0)  
     (       0.644,       6.735, 0, 0)  
     (       0.677,       6.608, 0, 0)  
     (       0.679,       6.604, 0, 0)  
     (       0.682,       6.600, 0, 0)  
     (       0.684,       6.595, 0, 0)  
     (       0.686,       6.592, 0, 0)  

Shape:35 (Arc)  nVertices=24, nParts=1
  Bounds:(       0.586,       7.863, 0, 0)
      to (       0.639,       8.251, 0, 0)
     (       0.620,       7.863, 0, 0) Ring 
     (       0.591,       8.119, 0, 0)  
     (       0.588,       8.123, 0, 0)  
     (       0.586,       8.127, 0, 0)  
     (       0.588,       8.132, 0, 0)  
     (       0.591,       8.135, 0, 0)  
     (       0.595,       8.138, 0, 0)  
     (       0.599,       8.140, 0, 0)  
     (       0.604,       8.143, 0, 0)  
     (       0.600,       8.181, 0, 0)  
     (       0.596,       8.184, 0, 0)  
     (       0.593,       8.188, 0, 0)  
     (       0.589,       8.191, 0, 0)  
     (       0.589,       8.197, 0, 0)  
     (       0.590,       8.204, 0, 0)  
     (       0.591,       8.209, 0, 0)  
     (       0.593,       8.214, 0, 0)  
     (       0.598,       8.216, 0, 0)  
     (       0.605,       8.216, 0, 0)  
     (       0.612,       8.216, 0, 0)  
     (       0.616,       8.218, 0, 0)  
     (       0.620,       8.221, 0, 0)  
     (       0.623,       8.226, 0, 0)  
     (       0.639,       8.251, 0, 0)  

Shape:36 (Arc)  nVertices=12, nParts=1
  Bounds:(       0.686,       6.220, 0, 0)
      to (       1.058,       6.592, 0, 0)
     (       1.058,       6.220, 0, 0) Ring 
     (       1.052,       6.222, 0, 0)  
     (       1.046,       6.223, 0, 0)  
     (       1.042,       6.226, 0, 0)  
     (       1.037,       6.228, 0, 0)  
     (       1.034,       6.231, 0, 0)  
     (       1.030,       6.235, 0, 0)  
     (       1.027,       6.238, 0, 0)  
     (       1.025,       6.243, 0, 0)  
     (       0.727,       6.540, 0, 0)  
     (       0.686,       6.592, 0, 0)  
     (       0.686,       6.592, 0, 0)  
